	ASVex(409,981.8,1084.0570,10.8,270.0,1,1,600);
	ASVex(409,981.8,1080.2649,10.8,270.0,1,1,600);
	ASVex(405,981.45,1070.4845,10.8,270.0,1,1,600);
	ASVex(405,981.45,1074.7042,10.8,270.0,1,1,600);
	ASVex(579,982.2,1101.7059,10.8,270.0,1,1,600);
	ASVex(579,982.2,1105.9347,10.8,270.0,1,1,600);
	ASVex(580,981.82,1111.5883,10.8,270.0,1,1,600);
	ASVex(580,981.82,1116.2754,10.8,270.0,1,1,600);
	ASVex(487,1094.0,982.0,27.1,10.0,1,1,600);
	ASVex(487,1112.0,987.0,27.1,27.0,1,1,600);

	// fbi
	ASVex(490,2542.15,2381.7017,4.3386,90.0,0,0,600);
	ASVex(490,2542.15,2377.2114,4.3387,90.0,0,0,600);
	ASVex(490,2542.15,2372.4856,4.3394,90.0,0,0,600);
	ASVex(490,2542.15,2367.9807,4.3384,90.0,0,0,600);
	ASVex(490,2542.15,2363.2751,4.3383,90.0,0,0,600);
	new aFBIsultan1 = ASVex(560,2515.3,2363.4065,3.9237,90.0,0,0,600);
	new aFBIsultan2 = ASVex(560,2515.3,2368.2422,3.9232,90.0,0,0,600);
	new aFBIsultan3 = ASVex(560,2515.3,2372.9734,3.9162,90.0,0,0,600);
	ASVex(579,2525.4,2363.2813,4.1483,270.0,0,0,600);
	ASVex(579,2525.4,2368.0686,4.1406,270.0,0,0,600);
	new aFBIcheetah1 = ASVex(415,2515.45,2377.0808,5.9828,90.0166,0,0,600);
	new aFBIcheetah2 = ASVex(415,2515.45,2381.6326,5.9821,90.1267,0,0,600);
	ASVex(409,2542.3818,2397.3,4.0109,180.0,0,0,600);
	ASVex(409,2537.7524,2397.3,4.0109,180.0,0,0,600);
	ASVex(580,2524.7,2377.0769,4.0071,270.0,0,0,600);
	ASVex(580,2524.7,2381.5398,4.0071,270.0,0,0,600);
	ASVex(482,2510.5793,2397.8850,4.3366,180.0,0,0,600);
	ASVex(487,2471.4229,2391.1145,71.2135,90.0,0,0,600);
	ASVex(487,2471.0979,2368.8740,71.2254,90.0,0,0,600);

	// police
	ASVex(598,2282.0662,2442.7,10.5662,360.0,205,1,600);
	ASVex(598,2277.7825,2442.7,10.5658,360.0,205,1,600);
	ASVex(598,2273.6155,2442.7,10.5658,360.0,205,1,600);
	ASVex(598,2269.2285,2442.7,10.5665,360.0,205,1,600);
	ASVex(598,2260.4468,2442.7,10.5654,360.0,205,1,600);
	ASVex(598,2256.1523,2442.7,10.5667,360.0,205,1,600);
	ASVex(598,2251.7607,2442.7,10.5666,360.0,205,1,600);
	ASVex(599,2260.4744,2477.8,11.0118,180.0,205,1,600);
	ASVex(599,2256.0583,2477.8,11.0080,180.0,205,1,600);
	ASVex(599,2251.9363,2477.8,11.0091,180.0,205,1,600);
	ASVex(601,2277.7905,2477.5,10.5791,180.0,1,1,600);
	ASVex(601,2273.5916,2477.5,10.5791,180.0,1,1,600);
	ASVex(525,2282.2229,2459.75,10.9,180.0,53,79,600);
	ASVex(525,2278.0208,2459.75,10.9,180.0,53,79,600);
	ASVex(525,2273.8210,2459.75,10.9,180.0,53,79,600);
	ASVex(427,2295.1699,2443.6919,10.9,360.0,205,1,600);
	ASVex(427,2291.2080,2443.6152,10.9,360.0,205,1,600);
	ASVex(497,2265.2483,2471.55,38.8604,360.0,205,1,600);
	ASVex(497,2280.9624,2471.55,38.8626,360.0,205,1,600);
	ASVex(523,2260.2388,2457.8,10.3850,180.0,0,0,600);
	ASVex(523,2256.3967,2457.8,10.3871,180.0,0,0,600);
	ASVex(523,2251.9214,2457.8,10.3896,180.0,0,0,600);
	ASVex(523,2260.2883,2461.6,10.3907,360.0,0,0,600);
	ASVex(523,2256.4072,2461.6,10.3906,360.0,0,0,600);
	ASVex(523,2251.9211,2461.6,10.3903,360.0,0,0,600);

	// army
	ASVex(431,277.0,1983.0,17.8,270.0,0,0,600); // ARMY bus1
	ASVex(431,277.0,1989.0,17.8,270.0,0,0,600); // ARMY bus2
	ASVex(431,277.0,1995.0,17.8,270.0,0,0,600); // ARMY bus3
	ASVex(433,275.7,2018.0,18.1,270.0,0,0,600); // ARMY barracks1
	ASVex(433,275.7,2024.0,18.1,270.0,0,0,600); // ARMY barracks2
	ASVex(433,275.7,2030.0,18.1,270.0,0,0,600); // ARMY barracks3
	ASVex(445,193.0,1919.7,17.9,180.0,0,0,600); // ARMY admiral1
	ASVex(445,202.0,1919.7,17.9,180.0,0,0,600); // ARMY admiral2
	ASVex(470,221.0,1855.0,13.0,0.0,0,0,600); // ARMY hammer1
	ASVex(470,213.0,1855.0,13.0,0.0,0,0,600); // ARMY hammer2
	ASVex(470,271.5,1949.0,17.7,270.0,0,0,600); // ARMY hammer3
	ASVex(470,271.5,1955.0,17.7,270.0,0,0,600); // ARMY hammer4
	ASVex(470,271.5,1961.0,17.7,270.0,0,0,600); // ARMY hammer5
	ASVex(470,272.5,1965.0,17.7,270.0,0,0,600); // ARMY hammer6
	ASVex(470,280.0,1946.0,17.7,0.0,0,0,600); // ARMY hammer7
	ASVex(470,280.0,1964.0,17.7,180.0,0,0,600); // ARMY hammer8
	ASVex(487,300.0,2050.0,17.9,180.0,0,0,600); // ARMY vert
	ASVex(487,315.0,2050.0,17.9,180.0,0,0,600); // ARMY ver2
	ASVex(500,211.0,1919.7,17.9,180.0,0,0,600); // ARMY mesa1
	ASVex(533,220.0,1919.7,17.9,180.0,0,0,600); // ARMY mesa2
	ASVex(548,309.0,1800.5,19.3,0.0,0,0,600); // ARMY cargobob
	
	// hospital
	ASVex(416,1590.6499,1849.1,10.9697,180.0,1,3,600);
	ASVex(416,1594.8217,1849.1,10.9695,180.0,1,3,600);
	ASVex(416,1599.0747,1849.1,10.9694,180.0,1,3,600);
	ASVex(416,1603.3191,1849.1,10.9695,180.0,1,3,600);
	ASVex(487,1612.0781,1802.2,30.6406,360.0,3,1,600);
	ASVex(487,1599.0455,1802.2,30.6457,360.0,3,1,600);
	ASVex(499,1620.1934,1849.1,10.9141,180.0,3,1,600);

	// news
	ASVex(488,2653.9497,1213.6,27.1,180.0,158,49,600);
	ASVex(488,2635.8530,1213.6,27.1,180.0,158,49,600);
	ASVex(426,2662.6108,1167.3,10.8,360.0,158,158,600);
	ASVex(426,2657.5613,1167.3,10.8,360.0,158,158,600);
	ASVex(426,2652.3071,1167.3,10.8,360.0,158,158,600);
	ASVex(582,2647.5701,1167.9,10.8,360.0,158,49,600);
	ASVex(582,2642.5776,1167.9,10.8,360.0,158,49,600);
	ASVex(582,2637.3284,1167.9,10.8,360.0,158,49,600);

	// drive school
	ASVex(426,1103.0,1358.0,10.7,180.0,3,3,600);
	ASVex(426,1107.0,1358.0,10.7,180.0,3,3,600);
	ASVex(426,1111.0,1358.0,10.7,180.0,3,3,600);
	ASVex(426,1115.0,1358.0,10.7,180.0,3,3,600);
	ASVex(426,1119.0,1358.0,10.7,180.0,3,3,600);
	ASVex(426,1123.0,1358.0,10.7,180.0,3,3,600);
	ASVex(487,1163.0,1324.0,11.0,90.0,3,3,600);
	
	// mafia1

	// mafia2

	// mafia3

	// mafia4

	// mafia5
	
	// faggio - spawn
	ASVex(462,1593.6302,1832.6196,10.42,180.0,163,163,600);
	ASVex(462,1595.8481,1832.6899,10.42,180.0,163,163,600);
	ASVex(462,1597.9888,1832.7008,10.42,180.0,163,163,600);
	ASVex(462,1600.0680,1832.6942,10.42,180.0,163,163,600);
	ASVex(462,1602.2068,1832.6854,10.42,180.0,163,163,600);
	ASVex(462,1604.3335,1832.6678,10.42,180.0,163,163,600);
	
	// faggio - hospital
	ASVex(426,1607.5404,1850.1730,10.5633,180.0,163,163,600);
	ASVex(426,1611.7750,1850.2308,10.5633,180.0,163,163,600);
	ASVex(426,1615.9801,1850.1042,10.5634,180.0,163,163,600);
	ASVex(462,1706.8568,1465.2981,10.4079,289.0,163,163,600);
	ASVex(462,1706.3885,1463.6250,10.4096,292.0,163,163,600);
	ASVex(462,1705.8033,1461.8351,10.4097,300.0,163,163,600);
	ASVex(462,1705.2404,1460.1781,10.4089,295.0,163,163,600);
	ASVex(462,1704.8307,1458.5776,10.4090,292.0,163,163,600);
	
	// faggio - market
	ASVex(462,2915.0,2442.0,10.5,90.0,163,163,600);
	ASVex(462,2915.0,2439.0,10.5,90.0,163,163,600);
	ASVex(462,2915.0,2436.0,10.5,90.0,163,163,600);
	ASVex(462,2915.0,2433.0,10.5,90.0,163,163,600);
	ASVex(462,2915.0,2430.0,10.5,90.0,163,163,600);
	ASVex(462,2915.0,2427.0,10.5,90.0,163,163,600);
	
	// faggio - fort carson
	ASVex(462,-96.0,1222.5,19.4,180.0,163,163,600);
	ASVex(462,-93.0,1222.5,19.4,180.0,163,163,600);
	ASVex(462,-90.0,1222.5,19.4,180.0,163,163,600);
	ASVex(462,-87.0,1222.5,19.4,180.0,163,163,600);
	ASVex(462,-84.0,1222.5,19.4,180.0,163,163,600);
	ASVex(462,-81.0,1222.5,19.4,180.0,163,163,600);
	
	// faggio - las payasadas
	ASVex(462,-229.0,2595.2,62.4,0.0,163,163,600);
	ASVex(462,-226.0,2595.2,62.4,0.0,163,163,600);
	ASVex(462,-223.0,2595.2,62.4,0.0,163,163,600);
	ASVex(462,-220.0,2595.2,62.4,0.0,163,163,600);
	ASVex(462,-217.0,2595.2,62.4,0.0,163,163,600);
	ASVex(462,-214.0,2595.2,62.4,0.0,163,163,600);

	// faggio - las barrancas
	ASVex(462,-865.0,1547.0,22.8708,270.0,163,163,600);
	ASVex(462,-865.0,1550.0,23.1244,270.0,163,163,600);
	ASVex(462,-865.0,1553.0,23.4033,270.0,163,163,600);
	ASVex(462,-865.0,1556.0,23.6766,270.0,163,163,600);
	ASVex(462,-865.0,1559.0,23.9105,270.0,163,163,600);
	ASVex(462,-865.0,1562.0,24.1555,270.0,163,163,600);
	
	// faggio - el quebrado
	ASVex(462,-1501.0,2525.4,55.4,0.0,163,163,600);
	ASVex(462,-1504.0,2525.4,55.4,0.0,163,163,600);
	ASVex(462,-1507.0,2525.4,55.4,0.0,163,163,600);
	ASVex(462,-1523.0,2525.4,55.4,0.0,163,163,600);
	ASVex(462,-1526.0,2525.4,55.4,0.0,163,163,600);
	ASVex(462,-1529.0,2525.4,55.4,0.0,163,163,600);
	
	// faggio - bayside marina
	ASVex(462,-2452.0,2224.0,4.6,0.0,163,163,600);
	ASVex(462,-2455.0,2224.0,4.6,0.0,163,163,600);
	ASVex(462,-2459.0,2224.0,4.6,0.0,163,163,600);
	ASVex(462,-2462.0,2224.0,4.6,0.0,163,163,600);
	ASVex(462,-2465.0,2224.0,4.6,0.0,163,163,600);
	ASVex(462,-2468.0,2224.0,4.6,0.0,163,163,600);
	
	// bus
	ASVex(437,2767.6133,1265.5289,10.8833,270.0,226,229,600);
	ASVex(437,2767.6299,1271.9460,10.8833,270.0,226,229,600);
	ASVex(437,2767.5881,1278.3071,10.8833,270.0,226,229,600);
	ASVex(437,2767.5754,1284.7698,10.8833,270.0,226,229,600);
	ASVex(437,2767.4978,1291.1041,10.8833,270.0,226,229,600);
	ASVex(437,2767.4824,1296.7198,10.8833,270.0,226,229,600);
	
	// taxi
	ASVex(420,2464.90,1345.61,10.6026,360.0,6,1,600);
	ASVex(420,2458.47,1345.61,10.6011,360.0,6,1,600);
	ASVex(420,2452.09,1345.61,10.5990,360.0,6,1,600);
	ASVex(438,2452.09,1336.50,10.5998,180.0,6,1,600);
	ASVex(438,2458.47,1336.50,10.6001,180.0,6,1,600);
	ASVex(438,2464.90,1336.50,10.6003,180.0,6,1,600);
	
	// mechanic
	ASVex(525,2100.7144,1409.1077,10.6922,360.0,43,17,600);
	ASVex(525,2107.1392,1409.1051,10.6989,360.0,43,17,600);
	ASVex(525,2113.6013,1409.0767,10.7006,360.0,43,17,600);
	ASVex(525,2119.9688,1409.0902,10.6850,360.0,43,17,600);
	ASVex(525,2126.3979,1409.1039,10.7001,360.0,43,17,600);
	ASVex(525,2132.7322,1409.0400,10.6986,360.0,43,17,600);
	
	// trasher
	VehTrasher[0][tID] = ASVex(408,2295.7302,2738.3870,11.3750,270.0,26,26,600);
	VehTrasher[1][tID] = ASVex(408,2295.8091,2747.9150,11.3761,270.0,26,26,600);
	VehTrasher[2][tID] = ASVex(408,2295.6865,2754.5466,11.3649,270.0,26,26,600);
	VehTrasher[3][tID] = ASVex(408,2295.7483,2763.9771,11.3711,270.0,26,26,600);
	VehTrasher[4][tID] = ASVex(408,2295.8491,2770.4812,11.3565,270.0,26,26,600);
	VehTrasher[5][tID] = ASVex(408,2295.6516,2780.0242,11.3646,270.0,26,26,600);
	
	ASVex(448,2372.2688,2022.4340,10.4196,140.0,175,6,600);
	ASVex(448,2374.2349,2022.3234,10.4192,140.0,175,6,600);
	ASVex(448,2376.2944,2022.3685,10.4188,140.0,175,6,600);
	ASVex(448,2378.6189,2022.3756,10.4195,140.0,175,6,600);
	ASVex(448,2380.8914,2022.3195,10.4189,140.0,175,6,600);
	ASVex(448,2382.9519,2022.2837,10.4188,140.0,175,6,600);

	// delivery
	ASVex(440,1680.5,2318.0,11.0,270.0,110,110,600);
	ASVex(440,1680.5,2327.0,11.0,270.0,110,110,600);
	ASVex(440,1680.5,2333.0,11.0,270.0,110,110,600);
	ASVex(440,1680.5,2345.0,11.0,270.0,110,110,600);
	ASVex(440,1680.5,2352.0,11.0,270.0,110,110,600);
	ASVex(440,1680.5,2363.0,11.0,270.0,110,110,600);
	
	// truck
 	ASVex(514,282.4,1348.0,11.2,90.0,101,101,600);
 	ASVex(514,282.4,1355.0,11.2,90.0,101,101,600);
 	ASVex(514,282.4,1362.0,11.2,90.0,101,101,600);
 	ASVex(514,282.4,1369.0,11.2,90.0,101,101,600);
 	ASVex(514,282.4,1376.0,11.2,90.0,101,101,600);
 	ASVex(514,282.4,1383.0,11.2,90.0,101,101,600);

	// collectors

	// rent cheap
	ASVex(421,2247.0,2034.6324,10.5634,270.0,60,1,300);
	ASVex(421,2247.0,2042.5090,10.5630,270.0,60,1,300);
	ASVex(421,2247.0,2050.2695,10.5633,270.0,60,1,300);
	ASVex(516,2234.8,2050.3049,10.5639,90.0,60,1,300);
	ASVex(516,2234.8,2042.4319,10.5633,90.0,60,1,300);
	ASVex(516,2234.8,2034.6493,10.5637,90.0,60,1,300);

	// rent expensive
	
	// quad bike
	
	// karts
	VehKarts[0] = ASVex(571,1115.0,1729.0,10.15,90.0,0,0,600);
	VehKarts[1] = ASVex(571,1115.0,1731.0,10.15,90.0,0,0,600);
	VehKarts[2] = ASVex(571,1115.0,1733.0,10.15,90.0,0,0,600);
	VehKarts[3] = ASVex(571,1115.0,1735.0,10.15,90.0,0,0,600);
	VehKarts[4] = ASVex(571,1115.0,1737.0,10.15,90.0,0,0,600);
	VehKarts[5] = ASVex(571,1115.0,1739.0,10.15,90.0,0,0,600);
	VehKarts[6] = ASVex(571,1115.0,1741.0,10.15,90.0,0,0,600);
	VehKarts[7] = ASVex(571,1115.0,1743.0,10.15,90.0,0,0,600);
	VehKarts[8] = ASVex(571,1115.0,1745.0,10.15,90.0,0,0,600);
	VehKarts[9] = ASVex(571,1115.0,1747.0,10.15,90.0,0,0,600);